     0.884210     0.458700    0.0192342
     0.900753     0.456343    0.0132554
     0.916924     0.453153    0.0189273
     0.933078     0.447755    0.0184180
     0.949803     0.459437    0.0297786
     0.965683     0.430526    0.0207873
     0.982262     0.450081    0.0173867
     0.998820     0.440835    0.0184755
      1.01479     0.443774    0.0317152
      1.03132     0.435274    0.0315428
      1.04755     0.424831    0.0189110
      1.06541     0.450422    0.0276176
      1.08183     0.446863    0.0223306
      1.09806     0.432995    0.0236926
      1.11396     0.430207    0.0215304
      1.13024     0.433293    0.0323159
      1.14695     0.438415    0.0311870
      1.16370     0.433998    0.0152892
      1.17996     0.457355    0.0265266
      1.19622     0.426488    0.0197091
      1.21246     0.444051    0.0240461
      1.22859     0.436719    0.0122572
      1.24492     0.467382    0.0319853
      1.26166     0.425704    0.0196244
      1.27813     0.432066    0.0213185
      1.29482     0.434232    0.0201768
      1.31091     0.444874    0.0242305
      1.32695     0.434264    0.0303945
      1.34324     0.443952    0.0169397
      1.35952     0.449766    0.0109855
      1.37695     0.466301    0.0210716
      1.39326     0.457673    0.0194617
      1.40940     0.454989    0.0127588
      1.42557     0.441993    0.0251360
      1.44184     0.402106    0.0128470
      1.45841     0.359519   0.00356309
      1.47514     0.279121    0.0152686
      1.49169     0.254848    0.0133949
      1.50794     0.253046    0.0135601
      1.52421     0.259049    0.0164026
      1.54035     0.271719   0.00606397
      1.55674     0.245734    0.0139916
      1.57361     0.255981    0.0137834
      1.59018     0.305392   0.00688878
      1.60228     0.273026    0.0290858
      1.62523     0.228588    0.0598071
      1.64160     0.266762    0.0569042
      1.65567     0.224558    0.0543029
      1.67238     0.366792    0.0213283
      1.68901     0.404002    0.0146361
      1.70536     0.449829    0.0158978
      1.72175     0.459724    0.0165824
      1.73802     0.455593    0.0166540
      1.75436     0.453287    0.0272814
      1.77105     0.452551    0.0164017
      1.78771     0.438792    0.0227655
      1.80401     0.459283    0.0247231
      1.82004     0.455018    0.0101862
      1.83616     0.455122    0.0132476
      1.85288     0.437864   0.00750557
      1.86933     0.406119    0.0221812
      1.88679     0.368006    0.0185449
      1.90261     0.325543    0.0156905
      1.91916     0.285527    0.0201699
      1.93545     0.240714    0.0193882
      1.95191     0.168141    0.0170248
      1.96871     0.191608    0.0137897
      1.98531     0.166321    0.0277765
      2.00167     0.160795    0.0193470
      2.01781     0.164256    0.0232886
      2.03424     0.189025    0.0200051
      2.05091     0.170398    0.0106954
      2.06757     0.197365    0.0161192
      2.08400     0.247143   0.00655098
      2.10034     0.275329    0.0296366
      2.11667     0.289544    0.0208111
      2.13337     0.325150    0.0135570
      2.15018     0.358613   0.00869133
      2.16652     0.439597    0.0357375
      2.18288     0.398709    0.0107149
      2.19920     0.413749    0.0127282
      2.21591     0.416094    0.0208097
      2.23282     0.422743    0.0192464
      2.24952     0.433847    0.0230263
      2.26622     0.437307    0.0229878
      2.28238     0.389608    0.0272495
      2.29921     0.329299    0.0178582
      2.31612     0.306615    0.0125157
      2.33325     0.302856    0.0219171
      2.35043     0.306363    0.0173651
      2.36765     0.280595    0.0125465
      2.38472     0.310603    0.0168470
      2.40156     0.307323   0.00704943
      2.41820     0.274621    0.0135752
      2.43471     0.276220   0.00245070
      2.45097     0.261418   0.00379773
      2.46723     0.258048    0.0136907
      2.48360     0.251363   0.00915340
      2.50002     0.245223   0.00700410
      2.51659     0.224252    0.0180714
      2.53292     0.229129    0.0103284
      2.54916     0.230471    0.0102798
      2.56437     0.244184   0.00225854
      2.58176     0.203732   0.00628013
      2.59807     0.251736    0.0158291
      2.61508     0.212451    0.0124890
      2.63000     0.213751    0.0179373
      2.64650     0.166635   0.00346242
      2.66146     0.182976    0.0303657
      2.68085     0.146267    0.0250802
      2.69620    0.0941271    0.0235049
      2.71205    0.0514408    0.0299356
      2.73270    0.0316829    0.0183908
      2.74770    0.0263554   0.00615133
      2.76305    0.0168700   0.00746265
      2.78118    0.0185278    0.0108443
      2.79889    0.0260720    0.0190484
      2.81606    0.0160733    0.0245796
      2.83247  -0.00366207    0.0127566
      2.84954  2.22130e-05    0.0158358
      2.86609   -0.0152638   0.00488713
      2.88242    0.0200144    0.0187524
      2.89878    0.0135241   0.00967008
      2.91540    0.0146267   0.00863153
      2.93143   0.00629735    0.0135612
      2.94726   0.00623022   0.00936546
      2.96327    0.0220161    0.0276718
      2.97720   -0.0258581    0.0245371
      3.00072   0.00398929    0.0123758
      3.01382   0.00499812    0.0128200
      3.02970   0.00267240   0.00884277
      3.04806   0.00546278   0.00892692
      3.06446   -0.0249371    0.0155808
      3.08036   0.00451394    0.0128671
      3.09689    0.0196082   0.00997185
      3.11213   0.00581488   0.00214917
      3.12962   -0.0136098   0.00491880
      3.14667  -0.00129702    0.0117410
      3.16304   0.00164601    0.0240099
      3.17974    0.0264262    0.0119835
      3.19708    0.0312476    0.0140877
      3.21364    0.0168818   0.00558731
      3.23150   0.00834476    0.0177192
      3.24806    0.0455287    0.0525083
      3.26561    0.0321071    0.0317260
      3.28298    0.0588348    0.0226970
      3.29946    0.0519832    0.0157063
      3.31619    0.0685476   0.00930180
      3.33338    0.0638427    0.0114152
      3.34981    0.0673805   0.00976503
      3.36564    0.0530920    0.0197112
      3.38183    0.0468692    0.0216718
      3.39872    0.0599037    0.0181773
      3.41546    0.0793477   0.00855889
      3.43178    0.0781432    0.0128829
      3.44874     0.120125    0.0204927
      3.46475     0.110896    0.0117979
      3.48137     0.121339    0.0235951
      3.49795     0.107779    0.0214450
      3.51284     0.123852   0.00490707
      3.53015     0.120203    0.0153686
      3.54664     0.140815    0.0273724
      3.56274     0.140208   0.00859185
      3.58034     0.174507    0.0102956
      3.59610     0.126430   0.00635849
      3.61387     0.172384    0.0255640
      3.63085     0.152657    0.0190432
      3.64853     0.121813    0.0251844
      3.66522    0.0917490    0.0427550
      3.68283     0.118712    0.0217531
      3.69953     0.116333    0.0189388
      3.71743    0.0847648    0.0140304
      3.73439    0.0700846    0.0148624
      3.75103    0.0773911    0.0116244
      3.76763    0.0986829    0.0428780
      3.78444    0.0973562    0.0291653
      3.80083     0.123067    0.0112188
      3.81742    0.0610433   0.00732675
      3.83472    0.0514230    0.0370771
      3.85141     0.114485    0.0188745
      3.86184    0.0686179    0.0616862
      3.88167     0.136438    0.0163167
      3.89859     0.102596    0.0734953
      3.91478    0.0371174    0.0314314
      3.93069    0.0500378    0.0234080
      3.94762    0.0282065    0.0261206
      3.96375    0.0988945    0.0272186
      3.98015    0.0278086    0.0314137
      3.99672    0.0181054    0.0560209
      4.01280    0.0553334    0.0234551
      4.02944    0.0185609    0.0290734
      4.04730    0.0973092     0.107578
      4.06295    0.0339429    0.0164335
      4.08086    0.0534128    0.0408959
      4.09743    0.0985771    0.0692140
      4.11450    0.0416942    0.0114160
      4.13183    0.0334381    0.0268961
      4.14883    0.0175268   0.00919010
      4.16644    0.0536404    0.0238183
      4.18299    0.0321414    0.0315644
      4.19839    0.0340426    0.0152850
      4.21120   -0.0118619    0.0141754
      4.22402    0.0150864    0.0183684
      4.24220    0.0430883    0.0594835
      4.26028    0.0627785    0.0534163
      4.27840    0.0415364    0.0334840
      4.29650    0.0463090    0.0215540
      4.31470    0.0196019    0.0461752
      4.33280   -0.0143641    0.0314103
      4.35094  -0.00910277    0.0269600
      4.36646    0.0441397    0.0656500
      4.38295    0.0411306    0.0215625
      4.39793   -0.0454406    0.0490252
      4.41537    0.0166303    0.0579761
      4.43172    0.0330628    0.0431024
      4.44772     0.121286     0.109166
      4.46573   0.00314269    0.0744452
      4.48240   -0.0379528    0.0447923
      4.49951    0.0181918    0.0153885
      4.51591   -0.0460929    0.0546613
      4.53379   0.00185052    0.0407775
      4.55187   -0.0119545    0.0203057
      4.56797    0.0448227    0.0472441
      4.58556    0.0796161    0.0580846
      4.60290    0.0570316    0.0897538
      4.62010    0.0200887    0.0647074
      4.63615  -0.00601877    0.0677517
      4.65416    -0.102631    0.0316017
      4.67034    0.0878894     0.184107
      4.68721    0.0320754     0.173441
      4.70290    0.0599665    0.0971713
      4.71956    0.0889017    0.0982408
      4.73706     0.107811     0.217845
      4.75351    0.0838451    0.0460758
      4.77031    0.0966604    0.0772429
      4.78673    0.0661268    0.0922893
      4.80349    0.0859320     0.129250
      4.81952    0.0174573    0.0406171
      4.83577    0.0742820    0.0479840
      4.85292    0.0851969    0.0756330
      4.86940     0.157942    0.0141749
      4.88553    0.0848359    0.0959663
      4.90265    0.0919779    0.0859661
      4.91983   -0.0105359     0.114176
      4.93685    -0.120782     0.192654
      4.95389    -0.125082    0.0932667
      4.97178   -0.0396603    0.0567036
      4.98896   -0.0774420    0.0769843
      5.00576   -0.0625631    0.0858912
      5.02240   -0.0307117    0.0943038
      5.04078    -0.117227     0.102585
      5.05734   -0.0944741    0.0999659
      5.07402    -0.287881     0.115166
      5.09106 -0.000435202    0.0609537
      5.10680   -0.0965701     0.196874
      5.10800    -0.144085    0.0609142
